# Created by Octave 4.4.1, Wed Oct 17 14:29:04 2018 GMT <unknown@DESKTOP-K3CTPC5>
# name: X
# type: matrix
# rows: 4
# columns: 1
 519.00082132883858
 353.24737710420879
 341.3709620974596
 497.31345479477488


# name: Y
# type: matrix
# rows: 4
# columns: 1
 240.68758436475576
 270.63680481655803
 453.94668861638235
 399.72827228122304


